 8 22 7 7 15 
 10 8 22 24 22 .
 16 17 
 6 15 20 
 12 24 22 
 24 22 12 13 16 25 18 
 10 8 16 11 , 
 6 15 20 
 26 16 18 8 10 
 8 12 9 22 
 17 16 18 20 24 22 13 
 15 20 10 
 10 8 22 
 19 15 13 22 . 
 1 22 7 7 
 13 15 25 22 , 
 16 
 19 22 24 10 12 16 25 7 6 
 8 15 4 22 
 6 15 20 
 22 25 14 15 6 22 13 
 10 8 16 11 
 4 20 21 21 7 22 . 
 12 25 6 1 12 6 , 
 10 8 22 
 17 7 12 18 
 16 11 
 25 6 4 { 19 24 12 19 2 22 24 11 _  17 15 24 _  6 15 20 }. 
 8 15 1 22 9 22 24 ,
 16 17 
 6 15 20 
 8 12 9 22 
 25 15 10 
 17 16 18 20 24 22 13 
 15 20 10 
 10 8 22 
 19 15 13 22 
 6 22 10 ,
 8 15 4 22 17 20 7 7 6 
 10 8 16 11 
 4 12 24 12 18 24 12 4 8 
 16 11 
 12 5 7 22 
 10 15 
 8 22 7 4 
 6 15 20 . 
Famous Lyrics and song title:
 25  22  9  22  24 
 18  15  25  25  12 
 18  16  9  22 
 6  15  20 
 20  4 , 
 25  22  9  22  24 
 18  15  25  25  12 
 7  22  10 
 6  15  20 
 13  15  1  25 




